0001
0005
0006
0026
0036
0048
0053
0054
0056
0070
0075
0103
0104
0131
0135
0145
0560
0575
0594
0739
0813
0960
1012
1027
1029
1033
1042
1044
1092
1197
1260
1309
1336
1362
1372
1418
1435
1439
1447
2034
2036
2059
2061
2089
2129
2168
2179
2208
2236
2242
2244
2251
2282
2380
2427
2430
2450
2621
2799
2981
3020
3021
3023
3046
3049
3068
3083
3088
3208
3423
3636
4005
5195
5218
5401
5414
5418
5551
6010
6048
6121
6401
6504
7001
8002
8057
8585
9034
9556
9604
9606
9607
9609
9611
9613
9616
9619
9624
9625
9628
9630
9634
9639
9643
9645
9646
